2025-06-14T12:15:56.244Z,b45baef4-476a-49fa-b44f-a0d1af6c31ee,1,e5763df1cd1af0ded8507cca4557d692a878360d3f487139273b7db994ff625c
